database is of 14 students. 
test subjects are same 14 students.
x= actual
y= predicted



0 0 0 0 0 0 0 0 0 0 0  0  0 0 0  0
0 16 0 3 0 1 0 2  0 0  0  2 0 0  1
0 0 11 1 0 0 0 1  0 0  0  0 0 1  1
0 0 1 28 0 0 0 4  0 0  2  2 0 0  0
0 2 0 1 15 1 1 0  1 4  2  1 0 0  0
0 0 0 1 0 14 0 0  0 1  0  0 0 0  0
0 0 0 0 0 1 12 0  0 0  0  0 0 0  0
0 0 0 1 2 0  0 6  0 0  0  2 0 0  1
0 0 0 1 0 0  0 0 12 0  3  0 0 0  0
0 0 0 0 0 2  1 0  0 8  0  0 0 0  1
0 0 0 0 0 0  0 0  0 0 13  0 0 0  0
0 1 2 0 0 0  0 1  2 0  1 23 0 1  0
0 0 0 0 0 0  0 0  0 0  0  0 6 0  0
0 0 2 0 0 0  0 0  0 0  0  1 0 4  0
0 0 0 0 0 0  0 0  0 0  0  0 0 0 16
