database is of 20 students. 
test subjects are 14 students.
x= actual
y= predicted



0 0 0 0 0 0 0 0 0 0 0 0 0 0 0 0 0 0 0 0 0
0 15 0 0 0 0 0 0 0 0 0 0 0 0 0 1 0 2 0 6 1
0 0 10 0 0 0 0 0 0 0 0 0 0 0 0 0 0 1 0 2 2
0 0 1 27 0 0 0 3 0 0 2 1 0 0 0 0 0 1 0 2 0
0 1 0 0 11 1 1 0 1 1 0 0 0 0 0 0 0 3 1 5 3
0 0 0 0 0 8 0 0 0 1 0 0 0 0 0 0 0 1 1 4 1
0 0 0 0 0 0 12 0 0 0 0 0 0 0 0 0 0 0 0 1 0
0 0 0 1 2 0 0 3 0 0 0 1 0 0 0 2 0 1 0 2 0
0 0 0 0 0 0 0 0 12 0 3 0 0 0 0 0 0 0 0 0 1
0 0 0 0 0 0 1 0 0 7 0 0 0 0 0 1 0 1 0 1 1
0 0 0 0 0 0 0 0 0 0 12 0 0 0 0 0 0 0 0 1 0
0 1 1 0 0 0 0 0 2 0 1 16 0 1 0 0 0 1 0 7 1
0 0 0 0 0 0 0 0 0 0 0 0 5 0 0 0 0 0 0 1 0
0 0 2 0 0 0 0 0 0 0 0 0 0 4 0 0 0 0 0 1 0
0 0 0 0 0 0 0 0 0 0 0 0 0 0 15 0 0 0 0 1 0
0 0 0 0 0 0 0 0 0 0 0 0 0 0 0 0 0 0 0 0 0
0 0 0 0 0 0 0 0 0 0 0 0 0 0 0 0 0 0 0 0 0
0 0 0 0 0 0 0 0 0 0 0 0 0 0 0 0 0 0 0 0 0
0 0 0 0 0 0 0 0 0 0 0 0 0 0 0 0 0 0 0 0 0
0 0 0 0 0 0 0 0 0 0 0 0 0 0 0 0 0 0 0 0 0
0 0 0 0 0 0 0 0 0 0 0 0 0 0 0 0 0 0 0 0 0
